@@UNKNOWN@@
202
245
207
243
<START>
<END>
147
213
250
145
251
200
292
228
282
191
201
241
190
244
224
247
212
199
394
146
334
351
258
158
363
238
161
223
288
194
376
300
309
148
262
155
259
271
226
285
164
162
160
237
232
159
286
365
318
206
336
284
231
297
264
214
314
362
354
221
208
296
397
398
260
295
319
204
341
274
225
261
157
340
367
369
359
236
240
333
197
193
372
317
368
242
15
358
383
203
196
352
364
326
150
222
220
396
266
399
265
205
385
234
299
149
308
327
324
198
163
263
246
186
248
379
180
332
374
167
375
211
275
169
306
187
152
357
287
322
366
6
349
267
192
281
257
181
277
377
276
165
239
304
298
252
179
184
273
227
386
178
355
209
329
378
182
229
156
331
173
174
217
343
28
1
62
233
175
303
97
268
171
388
216
345
188
14
325
80
328
353
13
170
279
144
390
302
249
373
395
321
120
312
337
2
320
371
400
166
176
338
254
185
177
12
36
189
356
330
29
384
310
5
316
83
103
3
253
215
168
219
283
301
75
311
235
70
151
17
118
96
86
393
10
389
313
183
382
346
71
115
72
105
111
290
270
31
289
20
73
16
126
269
64
79
335
55
272
57
0
128
94
381
58
350
41
7
344
172
123
61
154
18
305
82
74
278
88
108
291
25
392
131
106
9
153
27
230
50
339
34
4
280
22
122
65
26
46
33
116
53
84
101
294
90
40
121
109
112
256
127
38
129
342
23
49
54
85
138
119
69
135
47
68
11
110
95
99
134
132
130
143
60
92
361
67
210
81
39
347
@@MASK@@
