@@UNKNOWN@@
158
244
198
196
163
203
168
245
242
<START>
<END>
204
156
119
148
151
182
232
103
101
191
155
116
337
190
209
167
178
222
177
213
185
322
147
117
180
298
234
252
197
102
238
210
184
312
261
235
157
111
121
270
211
175
212
152
118
189
194
268
215
113
301
246
316
314
200
16
341
289
179
290
115
283
176
286
315
164
269
150
318
162
174
114
310
153
216
169
248
187
309
160
217
305
306
260
106
236
159
195
193
166
311
328
181
237
120
126
258
214
304
105
321
143
325
109
330
320
132
342
218
231
124
104
186
149
144
137
247
282
254
165
0
339
276
227
273
250
266
284
205
68
136
173
139
125
251
201
42
323
4
122
83
331
28
57
192
127
243
154
228
112
294
279
296
329
52
313
324
277
107
256
183
100
15
142
161
135
338
141
340
6
267
302
17
108
134
55
90
226
249
130
138
25
128
123
19
31
146
11
208
73
327
85
206
199
97
297
47
87
131
223
287
133
5
336
41
8
280
263
129
332
13
271
221
18
281
171
326
46
334
96
278
45
299
89
225
14
303
44
63
36
7
224
272
262
67
59
54
230
10
319
82
32
86
39
95
62
188
33
265
292
300
241
3
219
@@MASK@@
