@@UNKNOWN@@
123
19
55
21
122
60
93
64
53
<START>
<END>
89
91
121
94
115
52
139
76
116
107
45
44
74
162
87
71
63
83
72
178
101
18
97
84
23
8
124
48
78
161
144
69
79
98
120
100
154
20
90
171
54
99
125
117
49
14
86
129
73
70
130
134
103
61
47
4
82
15
168
17
137
156
104
7
81
164
147
167
22
150
149
68
16
126
165
56
57
105
9
182
166
127
160
138
58
65
59
75
50
46
88
141
118
102
175
106
12
155
176
6
119
158
36
170
110
27
180
169
62
135
24
41
109
95
133
25
159
174
29
35
34
145
42
114
112
10
67
33
85
31
177
80
32
181
132
146
40
136
13
30
51
38
163
143
153
179
142
2
66
0
37
96
131
39
152
26
113
157
108
1
111
173
151
28
43
148
172
183
77
11
140
5
3
@@MASK@@
