@@UNKNOWN@@
202
245
207
243
<START>
<END>
147
213
250
145
251
200
292
228
282
191
201
241
190
244
224
247
212
199
394
146
334
351
258
158
363
238
161
223
288
194
376
300
309
148
262
155
259
271
226
285
164
162
160
237
159
232
365
286
318
206
231
336
284
297
264
214
314
362
354
221
208
296
397
398
260
295
319
204
341
274
225
261
157
340
367
369
359
236
240
333
197
193
372
317
368
242
15
358
196
383
203
352
326
364
150
222
220
396
399
266
265
205
385
234
299
149
308
327
324
198
163
263
246
186
248
379
180
332
167
374
375
275
211
169
306
152
357
187
287
366
322
349
6
267
192
281
257
181
377
277
276
239
165
304
298
179
184
252
273
386
227
209
178
378
355
329
182
229
331
156
173
174
62
217
343
175
1
28
233
97
388
268
303
171
328
13
14
325
216
188
80
345
353
170
249
279
302
390
337
395
120
176
2
371
312
144
321
400
320
373
166
338
177
254
189
185
12
330
29
36
316
310
5
384
356
83
103
253
3
219
168
215
283
17
151
75
301
311
235
96
118
86
313
70
393
382
10
346
115
183
389
72
71
289
16
269
270
79
20
73
0
335
290
31
57
111
18
61
126
64
55
105
7
172
344
272
350
123
278
381
58
305
128
154
74
94
41
392
82
88
25
22
131
27
291
50
230
106
4
34
153
108
339
9
280
65
46
101
127
26
122
112
138
53
33
69
256
84
90
342
49
38
54
116
119
109
294
110
23
47
68
135
40
134
129
11
60
121
85
361
95
130
92
132
67
210
99
143
347
39
81
@@MASK@@
